# 5
fw=1.2e-07 sa=3.45e-07 sb=1.4e-07 sca=6.78406 scb=0.00345708 scc=2.49632e-05 
fw=1.2e-07 sa=1.4e-07 sb=3.45e-07 sca=6.78406 scb=0.00345708 scc=2.49632e-05 
fw=4.8e-07 sa=2.45e-07 sb=1.4e-07 sca=19.3983 scb=0.0173663 scc=0.00093676 
fw=4.8e-07 sa=1.4e-07 sb=2.45e-07 sca=20.6209 scb=0.0199232 scc=0.00101156 
$This is end of the device boxl file$
